 -- MDP --
 > Expd_Val:  1.52927965178   4.65104401485   7.90925350772   11.2176247276   14.5462374161   17.9552680251   21.4040713244   24.8583172333   28.3588226416   31.8684302364   
 > Steady_Val:  0.526081575578   2.05198559545   4.09738371304   6.2307906198   8.33488330537   11.2176021109   13.6213298168   16.0517159913   19.5100246789   22.1347936697   
 > Chg_Rate:  0.0769230482544   0.120332306174   0.140231403834   0.148198462471   0.151839298734   0.183592473334   0.183592568241   0.183991573036   0.204867327147   0.204867692358   
 > Send_Rate:  0.0692307434289   0.108299075556   0.126208263451   0.133378616224   0.136655368861   0.165233226   0.165233311417   0.165592415733   0.184380594432   0.184380923123   

 -- CAS --
 > Expd_Val:  -3.61984473373   -3.24599857988   -2.87215242604   -2.49830627219   -2.12446011834   -1.7506139645   -1.37676781065   -1.0029216568   -0.629075502959   -0.255229349112   
 > Steady_Val:  -3.66481416248   -3.28629461402   -2.90777506555   -2.52925551708   -2.15073596862   -1.77221642015   -1.39369687168   -1.01517732322   -0.636657774752   -0.258138226286   
 > Chg_Rate:  0.420577276074   0.420577276074   0.420577276074   0.420577276074   0.420577276074   0.420577276074   0.420577276074   0.420577276074   0.420577276074   0.420577276074   
 > Send_Rate:  0.378519548466   0.378519548466   0.378519548466   0.378519548466   0.378519548466   0.378519548466   0.378519548466   0.378519548466   0.378519548466   0.378519548466   

 -- GREEDY --
 > Expd_Val:  0.187512071006   0.561358224852   0.935204378698   1.30905053254   1.68289668639   2.05674284024   2.43058899408   2.80443514793   3.17828130178   3.55212745562   
 > Steady_Val:  0.0346153856395   0.103846152608   0.173076919577   0.242307686545   0.311538453514   0.380769220482   0.449999987451   0.519230754419   0.588461521388   0.657692288356   
 > Chg_Rate:  0.0769230769231   0.0769230769231   0.0769230769231   0.0769230769231   0.0769230769231   0.0769230769231   0.0769230769231   0.0769230769231   0.0769230769231   0.0769230769231   
 > Send_Rate:  0.0692307669685   0.0692307669685   0.0692307669685   0.0692307669685   0.0692307669685   0.0692307669685   0.0692307669685   0.0692307669685   0.0692307669685   0.0692307669685   

 -- RANDOM --
 > Expd_Val:  -1.80514733728   -1.59208042604   -1.43130310059   -1.25166766864   -1.01204459172   -0.911710272189   -0.712586579882   -0.457538319527   -0.351495502959   -0.144366201183   
 > Steady_Val:  -2.01984386573   -1.59839041484   -1.40400104322   -1.27228912807   -1.19191873435   -1.47445729076   -0.546447220011   -0.547374843223   -0.583071935823   0.374041822445   
 > Chg_Rate:  0.206494063487   0.206343227317   0.197776044552   0.180340774426   0.189991554727   0.17840994945   0.20634430169   0.164260178203   0.208058193583   0.217190722459   
 > Send_Rate:  0.185844657138   0.185708904585   0.177998440097   0.162306696984   0.170992399254   0.160568954505   0.185709871521   0.147834160382   0.187252374225   0.195471650213   

 -- THRESHOLDRANDOM --
 > Expd_Val:  0.0754449704142   0.483752662722   0.85129112426   1.20360840237   1.61113727811   2.00330071006   2.36221420118   2.72791609467   3.09237763314   3.48744497041   
 > Steady_Val:  -0.497472098792   -0.23684849413   -0.0638938944804   0.204336215509   0.330340193772   0.142441074523   0.486712160249   0.581347805878   0.341683029835   1.08430646652   
 > Chg_Rate:  0.255368984243   0.156640185504   0.0958155904548   0.236762800365   0.160304994136   0.0673316154873   0.121428636933   0.124746995774   0.116197329157   0.163745287666   
 > Send_Rate:  0.229832085819   0.140976166954   0.0862340314093   0.213086520329   0.144274494722   0.0605984539385   0.10928577324   0.112272296196   0.104577596241   0.147370758899   

