 -- MDP --
 > Expd_Val:  2.55153594623   2.87176350442   3.28332206208   3.85054024078   4.65104401485   5.86299266408   7.90925350772   12.0460117789   24.8583172333   
 > Steady_Val:  0.879195934711   0.990243270022   1.13288723331   1.6387728659   2.05198559545   2.91448456181   4.09738371304   6.81798395687   16.0517159913   
 > Chg_Rate:  0.0769230482544   0.0769230482544   0.0769230482544   0.120332305928   0.120332306174   0.140231399209   0.140231403834   0.151839279264   0.183991573036   
 > Send_Rate:  0.0692307434289   0.0692307434289   0.0692307434289   0.108299075335   0.108299075556   0.126208259288   0.126208263451   0.136655351338   0.165592415733   

 -- CAS --
 > Expd_Val:  -3.49522934911   -3.45628704142   -3.4062183601   -3.33946011834   -3.24599857988   -3.10580627219   -2.87215242604   -2.40484473373   -1.0029216568   
 > Steady_Val:  -3.53864097966   -3.49921186003   -3.44851727764   -3.38092450113   -3.28629461402   -3.14434978334   -2.90777506555   -2.43462562997   -1.01517732322   
 > Chg_Rate:  0.420577276074   0.420577276074   0.420577276074   0.420577276074   0.420577276074   0.420577276074   0.420577276074   0.420577276074   0.420577276074   
 > Send_Rate:  0.378519548466   0.378519548466   0.378519548466   0.378519548466   0.378519548466   0.378519548466   0.378519548466   0.378519548466   0.378519548466   

 -- GREEDY --
 > Expd_Val:  0.312127455621   0.351069763314   0.401138444632   0.467896686391   0.561358224852   0.701550532544   0.935204378698   1.40251207101   2.80443514793   
 > Steady_Val:  0.0576923079623   0.0649038461882   0.0741758239072   0.0865384608659   0.103846152608   0.129807690221   0.173076919577   0.259615378287   0.519230754419   
 > Chg_Rate:  0.0769230769231   0.0769230769231   0.0769230769231   0.0769230769231   0.0769230769231   0.0769230769231   0.0769230769231   0.0769230769231   0.0769230769231   
 > Send_Rate:  0.0692307669685   0.0692307669685   0.0692307669685   0.0692307669685   0.0692307669685   0.0692307669685   0.0692307669685   0.0692307669685   0.0692307669685   

 -- RANDOM --
 > Expd_Val:  -1.80027586588   -1.71636307692   -1.65077359932   -1.66641538462   -1.64670381065   -1.4850220355   -1.35862823669   -1.21667384615   -0.516014343195   
 > Steady_Val:  -1.89479526116   -1.69854445479   -1.54639193761   -1.39590093562   -1.74167572562   -1.58557559771   -1.4878003473   -1.23000662924   -0.936938620174   
 > Chg_Rate:  0.202962558257   0.205488134402   0.0852130801713   0.208110370147   0.195816170746   0.207841235499   0.220654464621   0.170520371516   0.179930548892   
 > Send_Rate:  0.182666302431   0.184939320962   0.0766917721542   0.187299333132   0.176234553672   0.187057111949   0.198589018159   0.153468334364   0.161937494003   

 -- THRESHOLDRANDOM --
 > Expd_Val:  0.212377633136   0.27378147929   0.316609805579   0.377214201183   0.475146863905   0.620406508876   0.856829585799   1.33675266272   2.73467573964   
 > Steady_Val:  -0.308252838414   -0.310897372064   -0.443718259394   -0.111822549512   -0.329983002552   -0.000434495874378   0.181398495334   -0.163196558664   0.558878762509   
 > Chg_Rate:  0.0901880977681   0.135664480874   0.141170336711   0.123034762226   0.0927107251343   0.10973667781   0.184239003086   0.0846393099942   0.125907758939   
 > Send_Rate:  0.0811692879913   0.122098032787   0.12705330304   0.110731286003   0.0834396526209   0.0987630100291   0.165815102778   0.0761753789947   0.113316983045   

