 -- MDP --
 > Expd_Val:  9.01448531539   14.5586362157   17.5784224001   19.6235512428   21.1357994166   22.3247064868   23.323017997   24.15242353   24.8583172333   
 > Steady_Val:  8.60324048581   13.5483109522   15.0872489005   15.670239091   15.8866008422   15.9455282443   16.0131771905   16.0350239118   16.0517159913   
 > Chg_Rate:  0.137772674958   0.16018688406   0.176080646128   0.181349160384   0.183192135185   0.183520936849   0.183966582134   0.183987764531   0.183991573036   
 > Send_Rate:  0.123995407462   0.144168195654   0.158472581515   0.163214244346   0.164872921667   0.165168843164   0.16556992392   0.165588988078   0.165592415733   

 -- CAS --
 > Expd_Val:  -0.553069822485   -0.740508086785   -0.834227218935   -0.890458698225   -0.927946351085   -0.954723245985   -0.97480591716   -0.990425772518   -1.0029216568   
 > Steady_Val:  -0.562779798097   -0.769553250348   -0.869609352195   -0.925648492385   -0.959612289757   -0.981529843172   -0.996481512308   -1.00718808194   -1.01517732322   
 > Chg_Rate:  0.24291448242   0.323477167681   0.362791212946   0.384932735076   0.398404248852   0.407124199541   0.413089142551   0.41737223271   0.420577276074   
 > Send_Rate:  0.218623034178   0.291129450913   0.326512091651   0.346439461569   0.358563823967   0.366411779587   0.371780228296   0.375635009439   0.378519548466   

 -- GREEDY --
 > Expd_Val:  1.56063727811   2.07888639053   2.33801094675   2.49348568047   2.59713550296   2.67117109045   2.72669778107   2.7698852071   2.80443514793   
 > Steady_Val:  0.460148416731   0.510533159853   0.517929787196   0.519035704455   0.519201511377   0.519226380595   0.519230110936   0.519230670487   0.519230754419   
 > Chg_Rate:  0.0769230769231   0.0769230769231   0.0769230769231   0.0769230769231   0.0769230769231   0.0769230769231   0.0769230769231   0.0769230769231   0.0769230769231   
 > Send_Rate:  0.0602006688963   0.0679022470065   0.0690320628662   0.0692009761029   0.06922630055   0.0692300989351   0.0692306686866   0.0692307541491   0.0692307669685   

 -- RANDOM --
 > Expd_Val:  -0.322837633136   -0.351871794872   -0.495042781065   -0.323717585799   -0.626114201183   -0.574287032967   -0.466442692308   -0.507133648915   -0.495033751479   
 > Steady_Val:  0.449853922456   -0.912432625534   0.012722808086   -0.311841500085   1.62355029586   -0.750631863624   -0.887273408364   -1.00056374363   -0.257231424738   
 > Chg_Rate:  0.108178564681   0.154558778687   0.208849215622   0.180412413429   0.0   0.224062407029   0.205500312399   0.175098114271   0.229828001102   
 > Send_Rate:  0.0973607082127   0.139102900818   0.187964294059   0.162371172086   0.0   0.201656166326   0.184950281159   0.157588302844   0.206845200992   

 -- THRESHOLDRANDOM --
 > Expd_Val:  0.908384733728   1.89027069034   2.19833325444   2.3829819645   2.51112623274   2.58955046492   2.64065236686   2.68639184747   2.73576224852   
 > Steady_Val:  0.39847875978   -0.0923076923077   0.978422294441   0.875666454262   0.729980022591   0.87023249176   0.782183843473   1.11060331216   1.0097753657   
 > Chg_Rate:  0.166649877842   2.5053257235e-17   0.195105131827   0.160432215637   0.123070088673   0.175588938656   0.143946656237   0.217730634018   0.18249410341   
 > Send_Rate:  0.149984890058   7.37889941865e-17   0.175594618644   0.144388994073   0.110763079805   0.158030044791   0.129551990614   0.195957570617   0.164244693069   

