 -- MDP --
 > Expd_Val:  18.3807481881   21.8308768782   23.0613984777   23.6903802582   24.087912714   24.3650285259   24.5709555789   24.7306549212   24.8583172333   
 > Steady_Val:  14.91175132   15.8157303612   16.0368424784   16.0279651768   16.046401812   16.0506856427   16.0515265415   16.0516858153   16.0517159913   
 > Chg_Rate:  0.165143704643   0.180245921219   0.182932101972   0.183447569355   0.183868171432   0.183966869884   0.183986896421   0.183990811369   0.183991573036   
 > Send_Rate:  0.148629334179   0.162221329097   0.164638891775   0.16510281242   0.165481354289   0.165570182896   0.165588206779   0.165591730232   0.165592415733   

 -- CAS --
 > Expd_Val:  -2.24473846154   -1.72768757396   -1.46884260355   -1.3135356213   -1.20999763314   -1.1360419273   -1.08057514793   -1.03743431953   -1.0029216568   
 > Steady_Val:  -0.713081235076   -0.873566633375   -0.935102509336   -0.965857616563   -0.98391945953   -0.995736799932   -1.00408394521   -1.01031992014   -1.01517732322   
 > Chg_Rate:  0.302439953703   0.364858100689   0.388956595663   0.401039820061   0.408155823534   0.412828498742   0.416143556028   0.418631419599   0.420577276074   
 > Send_Rate:  0.272195958333   0.32837229062   0.350060936097   0.360935838055   0.367340241181   0.371545648868   0.374529200425   0.376768277639   0.378519548466   

 -- GREEDY --
 > Expd_Val:  1.56127633136   2.07888639053   2.33801094675   2.49348568047   2.59713550296   2.67117109045   2.72669778107   2.7698852071   2.80443514793   
 > Steady_Val:  0.51923068862   0.51923075073   0.519230754041   0.519230754379   0.519230754415   0.519230754419   0.519230754419   0.519230754419   0.519230754419   
 > Chg_Rate:  0.0769230769231   0.0769230769231   0.0769230769231   0.0769230769231   0.0769230769231   0.0769230769231   0.0769230769231   0.0769230769231   0.0769230769231   
 > Send_Rate:  0.0692307570478   0.0692307664202   0.0692307669132   0.0692307669627   0.0692307669679   0.0692307669685   0.0692307669685   0.0692307669685   0.0692307669685   

 -- RANDOM --
 > Expd_Val:  -1.19278650888   -0.741119605523   -0.879317218935   -0.584223905325   -0.620452583826   -0.549334708369   -0.479573402367   -0.584467008547   -0.498722011834   
 > Steady_Val:  -0.268464385337   -0.78849345242   -1.31157653737   -0.33175610278   -0.0304865171801   -0.782819889962   -1.16923076923   -0.938244997251   -0.759416863415   
 > Chg_Rate:  0.164694946367   0.173384450096   0.18581196151   0.226574000161   0.218251424611   0.223153812819   1.05440508365e-15   0.191623711038   0.241828821328   
 > Send_Rate:  0.14822545173   0.156046005086   0.167230765359   0.203916600145   0.19642628215   0.200838431537   1.17954935732e-15   0.172461339934   0.217645939195   

 -- THRESHOLDRANDOM --
 > Expd_Val:  1.48786390533   2.01508575937   2.26668934911   2.43028222485   2.53140500986   2.61854775993   2.65297204142   2.70160552268   2.73006035503   
 > Steady_Val:  0.669537843335   0.945281913846   0.513500274896   0.362083089722   0.00141931337412   0.286629632001   1.01770255172   0.887570684587   0.334876856377   
 > Chg_Rate:  0.127668186414   0.179369589833   0.0842910476656   0.102572167214   0.0669097732176   0.082532451145   0.177582957319   0.156076374134   0.121858538523   
 > Send_Rate:  0.114901367772   0.161432630849   0.0758619428991   0.0923149504928   0.0602187958958   0.0742792060305   0.159824661587   0.14046873672   0.109672684671   

