 -- MDP --
 > Expd_Val:  24.8583172333   23.8414394448   22.7819215282   21.7286666338   20.98867627   20.4393163728   20.2291949383   20.2291949383   20.2291949383   
 > Steady_Val:  16.0517159913   14.1806037856   10.91832264   8.0163367275   4.71522131105   2.68175595206   1.44376009065e-14   1.44376009065e-14   1.44376009065e-14   
 > Chg_Rate:  0.183991573036   0.177518493586   0.140219980463   0.120124264899   0.0731261425959   0.0591715976331   0.0   0.0   0.0   
 > Send_Rate:  0.165592415733   0.159766644228   0.126197982416   0.108111838409   0.0658135283363   0.0532544378698   2.30584782038e-16   2.30584782038e-16   2.30584782038e-16   

 -- CAS --
 > Expd_Val:  -1.0029216568   -2.14522934911   -3.49522934911   -5.0529216568   -6.81830627219   -8.79138319527   -10.972152426   -13.3606139645   -15.9567678107   
 > Steady_Val:  -1.01517732322   -2.17176483242   -3.53864097966   -5.11580576494   -6.90325918825   -8.9010012496   -11.109031949   -13.5273512864   -16.1559592619   
 > Chg_Rate:  0.420577276074   0.420577276074   0.420577276074   0.420577276074   0.420577276074   0.420577276074   0.420577276074   0.420577276074   0.420577276074   
 > Send_Rate:  0.378519548466   0.378519548466   0.378519548466   0.378519548466   0.378519548466   0.378519548466   0.378519548466   0.378519548466   0.378519548466   

 -- GREEDY --
 > Expd_Val:  2.80443514793   2.80436804734   2.80436804734   2.80436804734   2.80436804734   2.80436804734   2.80436804734   2.80436804734   2.80436804734   
 > Steady_Val:  0.519230754419   1.92153985031e-15   1.92153985031e-15   1.92153985031e-15   1.92153985031e-15   1.92153985031e-15   1.92153985031e-15   1.92153985031e-15   1.92153985031e-15   
 > Chg_Rate:  0.0769230769231   0.0   0.0   0.0   0.0   0.0   0.0   0.0   0.0   
 > Send_Rate:  0.0692307669685   2.30584782038e-16   2.30584782038e-16   2.30584782038e-16   2.30584782038e-16   2.30584782038e-16   2.30584782038e-16   2.30584782038e-16   2.30584782038e-16   

 -- RANDOM --
 > Expd_Val:  -0.527163313609   -1.01381171598   -1.70642156213   -2.49978859172   -3.26293145562   -4.28175046154   -5.55076376331   -6.56165817751   -8.45697325444   
 > Steady_Val:  -0.381945100044   -1.76923076923   -1.92898896235   -2.95045444344   -4.2600390141   -4.9668926738   -5.83110273028   -6.69482666438   -8.61476069237   
 > Chg_Rate:  0.229377310217   2.21021819157e-15   0.144701785385   0.198612362206   0.205702715551   0.179638630672   0.21470252859   0.202140894395   0.182483470506   
 > Send_Rate:  0.206439579196   2.21978115445e-15   0.130231606847   0.178751125986   0.185132443996   0.161674767605   0.193232275731   0.181926804956   0.164235123456   

 -- THRESHOLDRANDOM --
 > Expd_Val:  2.74867573964   2.6943391716   2.62267573964   2.64686804734   2.59006035503   2.61475266272   2.62375266272   2.56325266272   2.53067573964   
 > Steady_Val:  0.514761392257   0.226488327806   0.298968976859   0.406670767483   0.102387318774   -1.03461538462   -0.661538461538   -2.08461538462   -1.87072213501   
 > Chg_Rate:  0.142498274565   0.0899295232534   0.0841006038218   0.140363437557   0.0703355868079   3.24266746051e-17   2.13237695954e-17   2.77274047594e-17   0.102040816327   
 > Send_Rate:  0.128248447108   0.0809365709281   0.0756905434396   0.126327093801   0.0633020281271   2.59768789182e-16   2.49776174673e-16   2.55539446321e-16   0.0918367346939   

